threshold:0.5
all_node2vec_performance:[0.72, 0.71, 0.69, 0.73, 0.72], mean:0.714, std:0.0135646599663
all_deepwalk_performance:[0.71, 0.7, 0.73, 0.73, 0.73], mean:0.72, std:0.0126491106407
all_LINE_performance:[0.69, 0.69, 0.69, 0.69, 0.69], mean:0.69, std:0.0
all_PMNE_one_performance:[0.7950819672131147, 0.8114754098360656, 0.7663934426229508, 0.7786885245901639, 0.819672131147541], mean:0.794262295082, std:0.0198082720879
all_PMNE_two_performance:[0.8155737704918032, 0.7663934426229508, 0.8073770491803278, 0.7581967213114754, 0.7991803278688525], mean:0.789344262295, std:0.0228334234052
all_PMNE_three_performance:[0.8647540983606558, 0.8401639344262295, 0.7950819672131147, 0.8114754098360656, 0.8401639344262295], mean:0.830327868852, std:0.0243981574855
all_convi_structure_performance:[0.5942622950819673, 0.5573770491803278, 0.5286885245901639, 0.5245901639344263, 0.5491803278688525], mean:0.550819672131, std:0.0249428263192
all_convi_property_performance:[0.8319672131147541, 0.8155737704918032, 0.8483606557377049, 0.7950819672131147, 0.7827868852459017], mean:0.814754098361, std:0.0238128508956

threshold:0.8
all_node2vec_performance:[0.87, 0.86, 0.84, 0.84, 0.85], mean:0.852, std:0.0116619037897
all_deepwalk_performance:[0.85, 0.86, 0.87, 0.85, 0.84], mean:0.854, std:0.0101980390272
all_LINE_performance:[0.9, 0.9, 0.9, 0.9, 0.9], mean:0.9, std:0.0
all_PMNE_one_performance:[0.9385245901639344, 0.9385245901639344, 0.9221311475409836, 0.9057377049180327, 0.9385245901639344], mean:0.92868852459, std:0.0131147540984
all_PMNE_two_performance:[0.9016393442622951, 0.889344262295082, 0.9098360655737705, 0.9344262295081968, 0.930327868852459], mean:0.913114754098, std:0.0170759562754
all_PMNE_three_performance:[0.9508196721311475, 0.9221311475409836, 0.9344262295081968, 0.930327868852459, 0.9508196721311475], mean:0.937704918033, std:0.0114167117026
all_convi_structure_performance:[0.6844262295081968, 0.6475409836065574, 0.6639344262295082, 0.6516393442622951, 0.6311475409836066], mean:0.655737704918, std:0.0177700683514
all_convi_property_performance:[0.9139344262295082, 0.9467213114754098, 0.9344262295081968, 0.9385245901639344, 0.9426229508196722], mean:0.935245901639, std:0.0114167117026

threshold:0.99
all_node2vec_performance:[0.88, 0.87, 0.89, 0.88, 0.88], mean:0.88, std:0.00632455532034
all_deepwalk_performance:[0.89, 0.89, 0.87, 0.9, 0.89], mean:0.888, std:0.00979795897113
all_LINE_performance:[0.93, 0.93, 0.93, 0.93, 0.93], mean:0.93, std:0.0
all_PMNE_one_performance:[0.9426229508196722, 0.9426229508196722, 0.9549180327868853, 0.9385245901639344, 0.930327868852459], mean:0.941803278689, std:0.0079470161597
all_PMNE_two_performance:[0.9057377049180327, 0.930327868852459, 0.9221311475409836, 0.9262295081967213, 0.9262295081967213], mean:0.922131147541, std:0.00859679383746
all_PMNE_three_performance:[0.9590163934426229, 0.9672131147540983, 0.9672131147540983, 0.9631147540983607, 0.9590163934426229], mean:0.963114754098, std:0.00366568520902
all_convi_structure_performance:[0.6885245901639344, 0.6844262295081968, 0.7008196721311475, 0.6844262295081968, 0.7008196721311475], mean:0.691803278689, std:0.00751241917206
all_convi_property_performance:[0.9631147540983607, 0.9590163934426229, 0.9467213114754098, 0.9508196721311475, 0.9631147540983607], mean:0.956557377049, std:0.00665904787265
